#{"t_start": 1672578542.0492637, "env_id": "sokoban-turtle-v0"}
r,l,t
3.0,11,3.239875
0.0,13,3.983147
5.0,8,4.531406
0.0,20,5.798664
4.0,8,6.038816
9.0,15,7.189219
0.0,9,7.782039
4.0,12,8.69773
-4.0,11,9.390293
3.0,22,10.91006
-8.0,17,12.474622
-1.0,10,13.203443
0.0,10,14.021833
-4.0,19,15.462607
-5.0,9,16.237653
-5.0,9,17.018966
2.0,12,17.931761
-7.0,12,18.941201
6.0,8,19.604744
-6.0,19,21.084388
3.0,12,22.020556
-5.0,7,22.64881
0.0,15,23.644078
-7.0,17,25.055952
0.0,7,25.769885
2.0,11,26.587206
4.0,14,27.607929
9.0,7,28.24381
-7.0,15,29.279016
-3.0,13,30.587192
-2.0,10,31.353806
-3.0,8,31.716316
0.0,6,32.298385
7.0,13,33.196457
5.0,14,34.561192
-1.0,11,35.41
-2.0,18,36.907809
0.0,14,37.956954
-1.0,10,38.795445
-6.0,9,39.538779
0.0,15,40.537612
6.0,17,42.04434
-5.0,9,42.847832
-3.0,8,43.656049
7.0,12,44.536967
2.0,12,45.484818
9.0,12,46.38604
-3.0,7,47.051464
3.0,11,47.877236
-8.0,27,50.173896
8.0,12,51.041719
6.0,13,51.962552
-1.0,10,52.834334
-6.0,10,53.698324
-6.0,13,54.952475
10.0,16,56.019307
4.0,10,56.826128
4.0,11,57.780798
-1.0,7,59.038956
1.0,13,60.550319
-6.0,19,62.11659
16.0,11,63.045014
0.0,14,64.380034
-7.0,19,69.213609
8.0,9,70.023519
-1.0,14,71.033012
10.0,16,72.431229
5.0,9,73.181232
-4.0,13,74.213901
6.0,8,74.908217
2.0,8,75.365185
7.0,10,76.431963
8.0,22,78.610301
2.0,10,79.42628
-4.0,16,80.806104
-5.0,12,81.690541
9.0,9,82.511077
12.0,15,83.964535
-4.0,15,84.971348
4.0,6,85.593736
0.0,7,86.264431
0.0,12,87.247495
-2.0,5,87.466253
0.0,8,88.179431
-6.0,11,89.002713
-2.0,7,89.662954
-3.0,10,90.471845
-3.0,10,91.345681
11.0,7,92.007242
-1.0,11,92.828214
1.0,8,93.52651
3.0,17,94.670339
-6.0,12,95.642203
-4.0,11,97.120094
2.0,8,97.475447
0.0,16,98.922721
0.0,7,99.677391
-1.0,10,100.521353
3.0,12,101.410872
8.0,6,101.865796
-3.0,10,102.852603
-2.0,12,104.156131
1.0,8,104.657954
-7.0,23,106.727121
-6.0,9,107.487636
0.0,7,107.816171
-14.0,8,108.618911
-3.0,18,110.16413
-7.0,10,110.973022
3.0,12,111.871342
4.0,9,112.689759
-3.0,8,113.398088
2.0,8,114.127099
-6.0,9,114.875985
11.0,15,115.89651
0.0,5,116.550695
0.0,8,117.014265
11.0,9,117.908619
-5.0,18,119.415695
2.0,15,120.898341
-4.0,7,121.238744
10.0,14,122.574138
10.0,8,123.098684
14.0,11,125.510061
-1.0,10,126.419632
9.0,13,127.350514
-15.0,14,128.361957
6.0,8,129.146579
3.0,19,130.799719
-9.0,14,131.788378
5.0,15,133.144863
0.0,11,134.077941
13.0,8,134.902276
-3.0,10,135.72231
-1.0,8,136.44553
0.0,10,137.276788
4.0,10,138.093031
3.0,6,138.363202
9.0,10,139.867482
-1.0,14,141.212292
-2.0,13,142.237219
6.0,15,143.433969
3.0,8,144.268823
-2.0,9,145.026464
-2.0,11,145.898861
-1.0,11,147.112636
3.0,11,147.994779
12.0,13,149.358445
3.0,8,149.745046
-3.0,17,151.250302
-5.0,11,152.086174
19.0,10,154.766405
-5.0,8,155.508232
3.0,12,156.434144
2.0,7,157.112306
-2.0,8,157.801626
5.0,8,158.619449
5.0,14,159.850572
-15.0,15,161.008625
3.0,10,161.813121
-5.0,17,163.384815
-3.0,22,165.225628
3.0,10,166.082594
-2.0,11,166.94322
-2.0,16,168.499467
3.0,11,169.371966
-2.0,18,170.89485
-1.0,12,172.233115
1.0,19,174.307368
-2.0,10,175.117785
-6.0,10,175.938068
-5.0,8,176.727219
-5.0,9,177.554504
-2.0,12,178.520303
1.0,10,179.369077
-8.0,11,180.231977
7.0,9,767.512749
-3.0,7,768.218947
6.0,14,769.140831
2.0,7,769.834574
6.0,9,770.571422
7.0,10,771.418239
2.0,9,772.177836
2.0,9,772.599257
3.0,8,773.297308
-1.0,10,774.097029
-5.0,7,774.931317
5.0,15,776.039939
2.0,15,777.482373
-2.0,12,778.377947
4.0,8,779.316056
3.0,17,780.878786
9.0,12,781.774789
3.0,10,782.608327
9.0,10,783.436393
4.0,6,783.711493
-2.0,21,785.822849
9.0,14,786.890545
2.0,12,787.953349
2.0,11,789.126687
0.0,13,790.45371
-1.0,10,791.301912
10.0,11,792.289488
-7.0,14,793.301009
3.0,6,793.943172
5.0,15,795.000624
-1.0,13,795.961246
0.0,16,797.527549
2.0,11,798.428029
-7.0,10,799.301142
-2.0,16,802.477508
-3.0,16,803.651057
4.0,19,805.252134
4.0,8,805.979279
2.0,7,806.786836
7.0,9,807.613051
2.0,16,808.745454
-2.0,12,809.671097
-3.0,10,810.581386
9.0,6,811.32619
2.0,13,812.680874
-3.0,7,813.368628
1.0,14,814.527805
3.0,17,816.118373
8.0,12,817.062072
5.0,10,817.885225
4.0,12,819.244868
0.0,6,819.553251
8.0,19,821.245499
-2.0,11,822.122443
8.0,20,823.800985
-2.0,12,824.802525
-5.0,12,826.258451
4.0,11,827.163492
-5.0,10,827.970728
4.0,12,828.979886
0.0,6,829.305016
-3.0,12,830.62506
0.0,13,831.614456
1.0,14,832.705011
5.0,10,833.626469
3.0,14,835.008692
-1.0,9,835.79718
4.0,7,836.148145
2.0,18,837.985484
-3.0,14,839.397449
-2.0,6,839.686381
6.0,10,842.10169
5.0,16,843.667668
3.0,14,844.749205
1.0,11,845.673716
3.0,10,848.159895
2.0,21,850.006833
0.0,10,850.867331
0.0,10,851.707179
0.0,6,852.352637
0.0,10,853.173049
0.0,12,854.162905
9.0,22,856.007895
7.0,16,857.534708
0.0,26,859.975774
-2.0,8,860.355552
2.0,17,861.952773
19.0,23,863.848735
-7.0,17,865.405659
-2.0,11,866.309845
3.0,12,867.343915
0.0,7,868.08798
-2.0,7,869.195573
-8.0,6,869.628856
7.0,13,870.993317
-3.0,9,871.851121
-5.0,15,872.97744
-2.0,6,873.617913
11.0,9,874.400661
5.0,15,875.712903
7.0,8,876.549244
-5.0,12,877.481985
2.0,11,878.384619
-3.0,12,879.348064
3.0,12,880.750743
-3.0,8,881.132792
0.0,8,881.886324
0.0,11,882.779981
3.0,10,883.613497
11.0,8,884.552496
2.0,7,885.343523
-7.0,13,886.481539
0.0,19,888.155047
-5.0,9,888.959191
4.0,11,889.925195
10.0,10,890.928528
9.0,8,891.68906
-3.0,14,892.734984
0.0,11,893.648489
-6.0,13,895.079754
0.0,10,895.932898
5.0,8,896.357003
8.0,10,897.201807
5.0,10,898.02124
4.0,7,898.856228
0.0,11,899.773465
0.0,11,900.718472
-6.0,17,903.146825
5.0,12,904.240229
4.0,11,905.179755
0.0,8,906.014611
-7.0,12,906.97703
3.0,6,907.619766
-3.0,10,908.569882
2.0,9,909.63395
-3.0,13,910.67854
2.0,8,911.416344
9.0,12,912.494714
-5.0,12,913.516478
4.0,11,914.64257
3.0,8,915.406394
9.0,20,917.099373
4.0,14,918.578913
14.0,10,919.44239
4.0,13,920.467457
-8.0,9,921.28319
9.0,17,923.691538
0.0,13,925.136894
9.0,12,926.196208
4.0,11,927.109908
0.0,13,928.183034
0.0,8,929.728511
0.0,9,930.546403
8.0,10,931.412872
0.0,12,932.352778
0.0,11,933.374717
-2.0,9,934.31651
-9.0,11,935.250268
4.0,7,935.956729
3.0,25,938.391044
2.0,10,939.242233
9.0,9,939.810962
-6.0,10,940.679299
-7.0,13,942.125375
5.0,10,943.300565
1.0,10,944.172011
-9.0,8,944.9063
5.0,8,945.322948
9.0,11,946.245473
-1.0,14,947.768497
14.0,14,948.906049
5.0,16,950.630294
-2.0,10,951.868886
-1.0,11,952.805301
11.0,13,954.080089
7.0,9,954.930788
1.0,13,955.989357
-6.0,17,1544.250234
-1.0,22,1546.28299
-4.0,14,1547.805054
4.0,11,1548.715533
7.0,13,1549.824675
12.0,9,1550.651084
4.0,13,1551.850435
3.0,11,1552.953331
9.0,11,1554.246875
9.0,12,1555.207625
3.0,17,1556.51397
3.0,8,1557.502369
1.0,8,1558.300923
0.0,6,1558.995842
-5.0,13,1560.286587
8.0,19,1562.010411
2.0,9,1562.870937
5.0,23,1565.066309
8.0,11,1565.975325
-4.0,9,1566.853931
12.0,16,1568.36642
4.0,10,1569.211317
0.0,11,1570.157241
15.0,10,1571.151032
8.0,6,1571.440321
12.0,13,1572.781972
7.0,9,1573.853165
6.0,15,1575.903141
6.0,12,1576.952402
-2.0,6,1577.634148
11.0,15,1578.917373
9.0,9,1579.943826
6.0,11,1580.863329
-6.0,16,1582.50785
2.0,12,1583.551137
3.0,15,1585.039582
3.0,11,1586.439021
10.0,11,1587.361163
-2.0,7,1588.118781
3.0,6,1588.42515
12.0,10,1589.484589
8.0,9,1590.330074
-12.0,10,1591.255106
7.0,9,1592.172059
4.0,13,1593.247304
-2.0,16,1594.748756
2.0,8,1595.606503
2.0,10,1596.584306
8.0,10,1597.501728
2.0,19,1599.244555
5.0,8,1599.641036
6.0,12,1601.034506
5.0,13,1602.359448
4.0,8,1603.328011
19.0,21,1605.186922
1.0,12,1606.122327
-2.0,6,1606.788554
0.0,9,1607.204219
0.0,7,1608.211258
-4.0,25,1610.751754
7.0,11,1611.702991
-2.0,12,1612.658165
0.0,8,1613.421148
4.0,13,1614.551791
-1.0,14,1615.588107
0.0,12,1616.926361
4.0,13,1617.976243
4.0,19,1619.815943
18.0,7,1620.865418
11.0,9,1621.397105
-2.0,6,1622.078906
-7.0,13,1623.184178
0.0,10,1624.148501
3.0,15,1625.762925
0.0,12,1627.537795
0.0,14,1628.952507
7.0,9,1630.306365
0.0,15,1631.860917
9.0,11,1632.950944
-12.0,11,1633.878462
0.0,13,1635.066752
-2.0,10,1635.906349
0.0,15,1637.449358
4.0,12,1638.423709
4.0,14,1639.564362
-5.0,8,1640.327092
1.0,21,1642.121498
9.0,10,1643.040733
0.0,14,1644.657037
9.0,17,1645.845278
18.0,8,1646.623958
3.0,5,1647.238711
12.0,13,1648.348191
-2.0,15,1649.874774
16.0,17,1651.200647
3.0,15,1652.950213
-5.0,15,1654.582774
-2.0,14,1656.000137
12.0,6,1656.297037
13.0,13,1657.815921
4.0,17,1659.091159
9.0,9,1659.879331
8.0,11,1660.789585
2.0,8,1661.546837
-2.0,10,1662.49392
1.0,14,1663.573282
3.0,8,1664.34519
5.0,16,1665.873429
2.0,12,1667.007194
-2.0,8,1667.819569
2.0,7,1668.526273
0.0,12,1669.476331
-3.0,5,1669.783912
8.0,13,1671.280589
-1.0,10,1672.178913
2.0,10,1673.186046
0.0,17,1674.410445
9.0,30,1677.803425
0.0,9,1678.678423
0.0,7,1679.387446
2.0,13,1680.498078
3.0,12,1681.535582
5.0,8,1682.629353
-2.0,11,1683.622646
6.0,17,1685.229611
0.0,7,1686.050492
0.0,15,1687.186811
5.0,8,1688.034709
7.0,13,1690.576954
7.0,13,1692.238968
-8.0,12,1693.263355
7.0,7,1693.626613
10.0,8,1694.434129
10.0,6,1695.115281
-7.0,18,1696.868204
-1.0,11,1697.811292
6.0,11,1698.869141
7.0,10,1699.755102
-3.0,14,1700.880965
4.0,10,1701.916057
0.0,12,1702.879252
-1.0,8,1704.097725
-4.0,9,1704.916089
-2.0,7,1705.676788
2.0,14,1706.867446
11.0,7,1708.031493
-4.0,15,1709.446216
8.0,13,1710.999741
18.0,18,1712.906723
2.0,13,1713.962771
-2.0,5,1714.214765
0.0,8,1715.003545
-1.0,16,1716.605339
2.0,10,1717.477337
-1.0,16,1718.636479
9.0,13,1720.220275
0.0,8,1720.785749
4.0,17,1723.207872
10.0,20,1725.096432
-3.0,11,1726.203204
-12.0,10,1727.297169
1.0,9,1728.25483
11.0,19,1729.978397
0.0,13,1731.288186
-2.0,8,1732.248902
2.0,18,1734.051998
-2.0,22,1737.170994
-6.0,10,1738.107123
2.0,6,1738.776163
10.0,7,1739.107377
3.0,8,1739.876803
3.0,6,1740.569516
-1.0,17,1742.244455
20.0,15,2331.111735
-2.0,16,2335.483609
16.0,16,2336.751843
10.0,12,2337.862939
2.0,12,2339.281132
-1.0,8,2339.767928
6.0,10,2340.730135
0.0,11,2342.182364
0.0,16,2343.727988
14.0,8,2344.544998
2.0,8,2345.780282
6.0,13,2348.112733
4.0,18,2350.159247
2.0,8,2351.55473
12.0,8,2351.982208
2.0,12,2353.378946
4.0,17,2354.702898
5.0,9,2355.572358
1.0,16,2357.116929
-2.0,10,2359.478323
5.0,8,2360.335903
2.0,14,2361.530896
10.0,16,2363.113467
0.0,13,2364.161253
0.0,7,2365.045101
4.0,9,2365.873774
6.0,14,2367.053019
0.0,10,2367.943452
10.0,17,2369.740297
6.0,16,2372.636676
0.0,11,2373.891192
5.0,9,2378.289675
9.0,19,2381.533598
8.0,13,2383.302628
0.0,8,2384.090358
1.0,14,2385.524826
-3.0,14,2386.843466
7.0,8,2387.962046
2.0,8,2388.792854
12.0,16,2390.149852
12.0,16,2392.243375
-1.0,9,2393.571056
3.0,12,2394.918283
7.0,12,2395.881452
8.0,14,2397.436587
4.0,9,2397.875059
-3.0,7,2399.119438
1.0,11,2400.755137
2.0,7,2401.48801
1.0,19,2403.407937
-1.0,21,2406.378325
2.0,12,2407.701963
5.0,17,2410.563972
3.0,8,2411.937748
4.0,8,2412.531319
10.0,14,2414.050398
10.0,9,2414.941947
5.0,8,2415.810907
7.0,9,2416.274331
1.0,8,2417.06612
0.0,11,2417.999546
1.0,14,2419.543326
-2.0,5,2419.822225
-4.0,14,2421.625005
4.0,8,2422.018751
8.0,17,2424.076471
5.0,6,2424.747628
2.0,15,2426.227608
-1.0,10,2427.2019
5.0,8,2428.236661
7.0,19,2429.969268
6.0,19,2431.819803
8.0,12,2432.877401
0.0,7,2434.478178
-3.0,6,2434.777748
4.0,8,2435.637493
2.0,10,2437.757699
12.0,10,2438.667595
-3.0,10,2439.577565
13.0,17,2441.171599
0.0,11,2444.084095
4.0,19,2445.818908
4.0,13,2446.88011
6.0,11,2447.802904
4.0,8,2449.359622
5.0,8,2450.116529
6.0,22,2452.172333
5.0,16,2453.834547
3.0,16,2455.060167
15.0,14,2456.875602
7.0,7,2457.236663
4.0,9,2458.073351
0.0,12,2460.259183
3.0,7,2462.264557
-2.0,16,2463.829004
4.0,6,2464.133969
0.0,8,2464.974349
7.0,9,2467.227176
12.0,15,2468.789703
3.0,10,2469.715502
0.0,10,2470.652287
8.0,11,2471.716213
6.0,13,2472.75372
2.0,8,2475.073009
10.0,20,2477.569206
5.0,26,2479.817676
0.0,19,2481.581927
-5.0,14,2483.343255
4.0,9,2484.331435
3.0,10,2485.340812
-6.0,13,2486.645263
-3.0,8,2487.607057
14.0,12,2488.695691
7.0,11,2489.626351
16.0,14,2490.702339
4.0,18,2492.502086
7.0,14,2494.086405
14.0,7,2494.447114
3.0,8,2495.271988
2.0,10,2497.185905
4.0,13,2498.857018
2.0,19,2502.06443
3.0,12,2503.046249
5.0,10,2506.841986
2.0,9,2507.774447
7.0,16,2511.352661
26.0,13,2512.891903
4.0,10,2513.759444
13.0,9,2514.605586
-4.0,14,2516.270549
4.0,10,2517.37007
0.0,7,2517.708676
2.0,12,2518.738341
2.0,9,2519.576703
-8.0,8,2520.805685
8.0,15,2522.367906
12.0,8,2522.793234
0.0,14,2524.356032
7.0,10,2525.31016
8.0,15,2526.783343
3.0,13,2528.272922
14.0,18,2529.772001
3.0,10,2531.019069
-8.0,11,2532.420084
5.0,6,2532.788872
2.0,19,2534.517959
10.0,13,2536.555176
16.0,20,2538.42818
4.0,13,2539.910375
11.0,15,2544.457105
4.0,12,2545.454185
5.0,11,2546.37512
5.0,17,2548.036125
7.0,13,2549.198733
0.0,7,2549.997155
9.0,10,2551.541004
0.0,10,2552.425738
10.0,13,2553.748998
7.0,7,2554.551911
19.0,8,2555.360797
10.0,12,2557.608886
3.0,8,2558.417896
5.0,21,2562.02956
18.0,12,2563.063739
-1.0,9,2563.921007
-1.0,8,2564.725935
2.0,8,2565.556678
-1.0,14,2566.791601
10.0,18,2568.514792
5.0,8,2569.315068
-2.0,10,2570.442481
12.0,9,2571.604633
7.0,8,3158.381391
8.0,15,3160.150149
3.0,9,3161.028172
4.0,11,3161.974542
-2.0,8,3162.932251
14.0,9,3163.911147
2.0,19,3165.847739
-3.0,6,3166.389918
-2.0,10,3167.447094
9.0,12,3168.798423
14.0,20,3172.024626
5.0,22,3176.075198
10.0,9,3176.675811
0.0,16,3178.340161
-4.0,12,3179.35505
5.0,10,3180.296506
6.0,12,3182.22158
4.0,10,3183.200286
4.0,8,3184.005115
13.0,10,3185.050343
10.0,10,3186.030012
3.0,24,3189.137397
10.0,14,3190.335629
26.0,21,3192.539219
9.0,12,3193.680015
3.0,11,3194.888245
7.0,15,3196.483414
6.0,11,3197.553328
-9.0,15,3199.374785
10.0,9,3199.859867
2.0,8,3200.771777
6.0,9,3201.688406
4.0,8,3202.626119
8.0,15,3204.522326
17.0,12,3206.029907
5.0,9,3206.897079
0.0,9,3207.411108
9.0,14,3209.316155
2.0,9,3211.648324
14.0,16,3213.309308
3.0,15,3216.086541
8.0,9,3216.94921
3.0,7,3217.297247
4.0,27,3220.143534
-2.0,6,3220.953263
6.0,17,3222.846895
5.0,11,3224.593879
16.0,11,3225.655951
17.0,12,3227.629336
7.0,14,3228.818683
10.0,14,3230.653755
-2.0,16,3232.041321
12.0,14,3234.182574
18.0,8,3234.629691
7.0,11,3236.051017
15.0,21,3238.079252
2.0,9,3238.938385
2.0,10,3239.920861
17.0,12,3241.143308
3.0,8,3241.94837
14.0,19,3243.461379
12.0,8,3244.289005
13.0,18,3246.500164
2.0,12,3249.570208
1.0,11,3251.017513
4.0,17,3252.954333
8.0,11,3254.264587
2.0,10,3255.727463
14.0,8,3256.585629
13.0,13,3257.838951
16.0,10,3259.74802
6.0,17,3261.481231
4.0,13,3262.61344
0.0,7,3263.402822
2.0,12,3266.545271
13.0,6,3267.380131
0.0,8,3268.529998
5.0,15,3269.952122
8.0,17,3271.703713
-6.0,13,3272.862959
19.0,11,3273.843088
-1.0,10,3275.089353
6.0,11,3276.174326
7.0,9,3277.042609
0.0,15,3279.287636
10.0,23,3281.717588
0.0,5,3282.006082
10.0,11,3283.489293
5.0,20,3285.395308
14.0,12,3287.591516
10.0,9,3288.601103
6.0,11,3289.548735
9.0,14,3291.452469
7.0,9,3293.634456
13.0,9,3294.512462
3.0,12,3295.995384
7.0,12,3297.173894
2.0,10,3298.159179
0.0,9,3299.174768
0.0,7,3299.955704
2.0,7,3301.902165
15.0,13,3304.324525
4.0,11,3305.256763
1.0,8,3307.462335
-2.0,21,3310.487331
7.0,8,3311.347971
10.0,14,3312.509196
-1.0,12,3313.779833
7.0,9,3314.668913
16.0,13,3316.284079
11.0,18,3317.769405
19.0,15,3319.688151
5.0,17,3322.773118
10.0,10,3323.785339
2.0,10,3324.873554
19.0,9,3325.415621
-2.0,7,3326.146025
8.0,19,3328.035678
2.0,13,3329.296296
-2.0,6,3330.239729
6.0,13,3331.482943
4.0,11,3332.809777
7.0,16,3334.454125
2.0,13,3335.709898
5.0,10,3337.957134
19.0,11,3339.062804
7.0,9,3339.909127
7.0,13,3341.649721
7.0,11,3342.637033
7.0,16,3344.867956
2.0,15,3346.432097
14.0,15,3347.811942
13.0,13,3349.393494
14.0,15,3350.783338
2.0,11,3351.740209
19.0,20,3354.136894
2.0,14,3355.764899
2.0,12,3356.783286
4.0,13,3358.044299
8.0,11,3359.089782
0.0,20,3361.128814
4.0,7,3362.03148
11.0,8,3362.936486
13.0,14,3364.087571
5.0,11,3365.156506
7.0,22,3367.568006
3.0,11,3368.709763
9.0,15,3370.382226
2.0,8,3371.198395
0.0,11,3372.206448
1.0,8,3373.153966
5.0,17,3375.707503
0.0,14,3377.322327
4.0,14,3378.97601
-2.0,13,3380.816948
1.0,9,3383.884669
0.0,15,3385.51498
1.0,6,3386.086664
10.0,16,3387.806468
5.0,12,3388.871409
-3.0,12,3389.982401
12.0,22,3392.60659
8.0,9,3393.648838
-5.0,10,3394.666864
7.0,10,3395.73001
8.0,11,3396.971929
2.0,8,3397.370405
5.0,10,3985.184289
6.0,13,3986.985909
2.0,6,3987.319369
3.0,7,3988.243356
8.0,9,3989.147249
21.0,16,3991.707737
7.0,14,3995.567662
3.0,8,3996.520204
5.0,14,3997.932133
7.0,16,4000.540162
15.0,22,4003.3975
8.0,12,4006.42071
4.0,14,4008.717446
10.0,10,4010.672065
22.0,11,4011.643073
4.0,13,4012.759027
15.0,15,4014.382497
8.0,20,4017.800694
-1.0,12,4019.949289
8.0,6,4020.273408
5.0,11,4021.598947
9.0,13,4023.253857
-4.0,19,4025.175719
11.0,16,4027.831161
12.0,7,4029.672176
14.0,15,4031.06507
20.0,17,4033.186071
9.0,10,4034.395302
12.0,10,4035.505718
6.0,15,4037.991086
2.0,12,4040.109304
-3.0,12,4041.56359
4.0,24,4043.819066
21.0,13,4045.52597
17.0,13,4047.211341
5.0,10,4048.341655
12.0,8,4049.225809
0.0,18,4051.538698
5.0,9,4052.29933
4.0,8,4053.231861
9.0,14,4054.825232
12.0,9,4055.847052
17.0,36,4059.397932
10.0,7,4060.144828
9.0,14,4061.28678
0.0,6,4062.122041
10.0,11,4063.210457
2.0,11,4064.381387
9.0,14,4065.619822
11.0,15,4067.668396
4.0,11,4068.856225
12.0,11,4070.083271
8.0,12,4071.13686
6.0,10,4072.539338
8.0,8,4073.550792
4.0,12,4074.786885
0.0,10,4075.751215
0.0,13,4077.277835
5.0,10,4078.296926
5.0,14,4080.247216
1.0,22,4082.381558
10.0,14,4084.401081
19.0,10,4085.454705
22.0,11,4086.696615
-2.0,8,4087.516333
-1.0,14,4088.648588
4.0,12,4090.407991
0.0,13,4091.62974
14.0,14,4093.362022
7.0,19,4095.469381
3.0,7,4096.495194
7.0,12,4098.49134
5.0,20,4101.607096
4.0,11,4102.842559
4.0,12,4104.208184
13.0,12,4105.602274
9.0,8,4106.468274
18.0,15,4108.411782
14.0,13,4111.675749
8.0,13,4113.02033
14.0,10,4113.99166
12.0,16,4115.785523
2.0,7,4116.354548
-4.0,9,4119.614439
3.0,27,4123.048104
3.0,7,4124.057904
4.0,9,4125.113392
9.0,16,4126.531281
5.0,14,4128.265445
14.0,7,4128.925401
12.0,10,4130.075087
17.0,13,4131.772284
9.0,10,4132.810095
5.0,11,4134.16278
16.0,13,4135.361254
1.0,26,4138.089246
3.0,8,4138.520591
15.0,11,4139.516593
12.0,7,4140.465816
0.0,14,4142.164158
14.0,17,4144.597743
16.0,8,4145.667334
8.0,10,4147.646078
0.0,12,4148.763593
-3.0,11,4150.041067
10.0,25,4153.476353
-4.0,19,4155.626524
4.0,11,4156.654058
0.0,11,4157.932827
14.0,14,4160.856275
-3.0,18,4162.774834
7.0,10,4163.690501
14.0,15,4165.834945
3.0,19,4167.779904
11.0,18,4169.637021
5.0,14,4171.42896
17.0,14,4172.723973
3.0,11,4173.915564
3.0,14,4177.971486
11.0,14,4179.28727
2.0,6,4180.436662
5.0,8,4181.094426
12.0,17,4183.317856
7.0,7,4184.097301
7.0,12,4185.381332
6.0,14,4186.654125
4.0,6,4187.634057
6.0,8,4188.734242
2.0,8,4190.11106
12.0,8,4190.557244
3.0,9,4191.664541
2.0,10,4192.673709
0.0,12,4194.306884
-5.0,8,4194.882201
10.0,13,4196.82585
10.0,12,4198.769893
10.0,16,4202.46126
11.0,13,4204.049732
6.0,9,4205.017244
14.0,13,4207.675556
9.0,13,4208.963679
8.0,11,4210.057632
11.0,15,4212.843365
-2.0,5,4213.195518
4.0,16,4214.939836
7.0,11,4216.116664
12.0,9,4217.097388
-2.0,14,4221.188848
19.0,14,4223.321946
6.0,15,4224.675374
8.0,12,4226.201392
15.0,18,4228.744242
11.0,14,4230.731577
4.0,12,4231.930786
0.0,10,4233.095093
4.0,10,4234.714688
5.0,12,4236.506156
-5.0,6,4237.232216
2.0,9,4238.446241
9.0,11,4239.71331
13.0,9,4240.842757
19.0,8,4241.272352
35.0,3,4241.899157
5.0,12,4243.027075
4.0,19,4245.603076
-2.0,12,4832.720003
8.0,13,4834.148338
15.0,12,4835.283259
12.0,9,4836.478616
12.0,11,4837.674938
1.0,14,4839.358217
5.0,25,4843.268842
2.0,10,4845.102396
15.0,10,4846.220017
7.0,11,4848.609246
0.0,10,4849.676947
8.0,15,4851.633064
7.0,14,4853.001855
5.0,13,4855.102678
27.0,8,4857.144835
14.0,19,4860.704407
-2.0,12,4862.438731
0.0,13,4863.58814
17.0,11,4864.648224
2.0,14,4866.446082
10.0,18,4868.759711
7.0,15,4870.561672
-1.0,15,4872.092388
14.0,19,4875.619341
3.0,10,4878.129326
7.0,14,4880.262632
15.0,13,4882.336435
8.0,7,4882.845438
4.0,13,4884.628923
10.0,8,4885.731723
19.0,9,4886.62393
10.0,11,4888.310861
2.0,13,4890.898711
0.0,5,4891.210883
19.0,16,4893.540879
11.0,12,4895.23888
6.0,10,4896.617707
7.0,13,4898.185319
10.0,6,4900.339315
5.0,16,4903.532672
0.0,14,4904.990329
20.0,16,4906.806416
4.0,10,4908.10247
9.0,11,4910.346227
0.0,16,4912.177797
3.0,9,4913.208345
2.0,11,4914.282439
4.0,10,4915.393738
5.0,8,4916.551167
-1.0,15,4918.175221
12.0,8,4919.814698
10.0,15,4922.594677
8.0,12,4924.055378
20.0,13,4926.3118
13.0,11,4927.83566
9.0,17,4929.494447
-4.0,11,4931.001527
2.0,21,4933.894631
6.0,9,4934.856282
12.0,15,4936.586123
8.0,9,4938.843899
10.0,13,4941.012777
7.0,16,4944.272309
13.0,13,4946.206681
0.0,11,4947.556677
8.0,15,4949.807682
9.0,11,4950.803952
14.0,8,4952.7919
9.0,13,4955.315533
7.0,9,4957.444463
0.0,21,4960.16767
3.0,13,4962.855895
9.0,13,4964.065036
10.0,16,4966.420765
11.0,15,4968.66883
6.0,18,4971.050331
-1.0,13,4973.166296
12.0,12,4974.297387
6.0,12,4975.715184
12.0,7,4976.560432
0.0,9,4978.170351
23.0,13,4979.398955
9.0,8,4981.501479
2.0,8,4982.101692
1.0,8,4983.243387
7.0,14,4985.351329
13.0,18,4987.049109
9.0,11,4990.507192
12.0,11,4996.252987
7.0,14,4997.676972
12.0,16,4999.65082
8.0,12,5001.545151
4.0,10,5005.599531
-3.0,21,5010.734722
0.0,13,5012.560029
3.0,23,5015.33729
9.0,12,5016.597805
-3.0,9,5019.991858
6.0,10,5021.060378
8.0,15,5023.140224
16.0,9,5025.831932
3.0,25,5031.064974
12.0,10,5032.64855
12.0,18,5037.179608
6.0,12,5039.586065
3.0,8,5040.003401
2.0,9,5041.055917
3.0,13,5042.819778
12.0,11,5044.115022
1.0,15,5046.891141
3.0,14,5049.674931
10.0,14,5051.069506
5.0,12,5052.376449
5.0,15,5054.474509
-1.0,11,5056.014469
9.0,15,5058.252979
5.0,11,5060.185668
12.0,22,5063.076755
7.0,13,5064.647527
3.0,18,5067.186558
5.0,6,5067.587409
12.0,9,5068.787339
5.0,26,5074.541891
14.0,9,5075.486124
20.0,18,5076.923689
4.0,18,5079.491434
7.0,14,5081.318852
1.0,14,5083.456344
5.0,9,5084.384521
7.0,15,5087.453292
12.0,8,5088.520378
5.0,13,5090.80644
12.0,14,5092.189107
4.0,10,5093.639307
12.0,18,5095.725624
25.0,16,5097.194639
3.0,9,5098.132642
10.0,13,5100.344841
37.0,12,5101.877483
5.0,24,5104.521526
3.0,9,5105.810514
10.0,10,5106.94121
2.0,10,5107.94889
12.0,12,5109.402447
6.0,19,5112.665064
15.0,14,5114.603568
10.0,11,5115.767311
9.0,17,5117.909184
0.0,19,5120.581237
12.0,17,5122.569055
8.0,13,5124.315656
13.0,18,5126.407986
6.0,25,5130.534792
8.0,15,5132.129803
10.0,38,5724.035341
12.0,17,5728.380774
16.0,15,5733.034883
8.0,18,5737.855607
7.0,14,5739.289546
12.0,13,5741.427774
12.0,16,5743.198764
5.0,14,5746.135986
2.0,19,5748.041243
19.0,16,5752.479405
5.0,9,5753.529504
3.0,17,5755.528608
12.0,14,5756.895506
19.0,15,5759.789245
2.0,11,5762.712275
11.0,16,5764.71459
-2.0,10,5765.933151
7.0,9,5767.191252
5.0,24,5776.744404
9.0,12,5778.423214
1.0,13,5780.981469
8.0,19,5784.382531
7.0,22,5787.833235
16.0,11,5789.064267
5.0,19,5792.207532
12.0,11,5797.811518
9.0,9,5800.646601
-1.0,15,5803.213439
10.0,11,5804.451875
28.0,14,5805.802157
15.0,31,5811.23368
7.0,14,5814.021799
5.0,10,5815.789357
9.0,12,5816.999006
4.0,14,5818.380389
6.0,19,5821.226655
9.0,7,5823.908828
8.0,17,5827.04378
13.0,13,5831.485757
12.0,14,5834.291719
10.0,20,5838.282397
13.0,15,5840.227635
30.0,10,5842.344784
0.0,16,5843.959134
6.0,8,5845.016705
16.0,18,5847.706752
3.0,13,5848.896662
6.0,7,5851.362678
7.0,16,5854.935938
5.0,15,5856.989905
0.0,8,5858.733816
7.0,27,5862.729591
17.0,16,5864.88103
6.0,11,5865.934436
0.0,12,5868.481483
7.0,12,5870.385632
10.0,13,5871.53511
3.0,14,5872.976811
16.0,11,5874.670987
8.0,14,5876.772972
19.0,15,5881.273181
0.0,16,5885.744462
0.0,20,5888.642434
17.0,17,5890.832008
3.0,15,5892.855944
17.0,16,5896.302786
-3.0,17,5897.849448
11.0,17,5900.100707
16.0,24,5907.059382
20.0,17,5909.665397
11.0,9,5914.516779
0.0,8,5915.616
2.0,7,5916.578348
10.0,13,5920.109203
12.0,15,5922.834825
14.0,11,5924.759242
2.0,8,5925.301571
8.0,13,5927.602991
12.0,16,5930.04738
3.0,10,5931.143026
5.0,15,5932.936417
8.0,8,5933.966193
11.0,18,5936.067252
19.0,9,5937.559699
5.0,13,5942.382801
9.0,13,5944.661754
9.0,10,5946.837166
15.0,8,5949.608009
4.0,10,5952.209947
13.0,11,5953.49438
-3.0,20,5955.798257
19.0,13,5957.334175
2.0,13,5959.526666
17.0,10,5960.606645
-2.0,10,5961.954719
12.0,10,5963.114065
5.0,12,5965.109863
11.0,16,5966.861031
6.0,15,5970.233324
7.0,24,5972.819775
5.0,14,5974.906971
4.0,15,5978.886757
10.0,7,5979.932867
9.0,9,5980.983199
7.0,10,5984.547245
8.0,17,5988.482866
14.0,12,5989.803323
6.0,9,5990.824337
8.0,8,5991.831723
7.0,17,5993.906269
5.0,18,5995.982836
19.0,12,5997.243683
5.0,15,5998.585031
7.0,9,5999.711272
9.0,11,6000.985142
2.0,13,6002.827979
2.0,10,6004.786759
13.0,21,6009.987454
15.0,15,6012.381714
5.0,17,6015.3387
7.0,9,6016.928686
7.0,14,6018.931407
2.0,13,6021.165569
19.0,30,6025.346381
14.0,18,6028.891564
6.0,8,6030.469043
22.0,11,6032.977183
8.0,13,6034.654301
18.0,12,6036.703861
6.0,12,6037.955138
9.0,8,6038.981305
17.0,14,6040.375618
2.0,16,6043.304381
12.0,17,6045.121512
8.0,20,6049.028141
17.0,12,6051.074479
7.0,8,6051.571611
8.0,17,6055.364946
4.0,16,6058.1313
14.0,20,6061.435465
11.0,10,6063.118615
13.0,13,6065.601464
7.0,7,6066.443935
5.0,14,6068.103156
0.0,7,6068.974154
9.0,25,6071.570163
14.0,14,6074.139689
4.0,34,6702.847451
10.0,11,6705.518852
11.0,31,6715.356952
5.0,10,6717.219835
19.0,15,6721.737152
3.0,24,6725.303557
5.0,46,6733.947848
13.0,7,6735.613231
-3.0,15,6737.464723
0.0,14,6740.884211
21.0,16,6744.312697
10.0,13,6745.915063
4.0,11,6747.405676
10.0,9,6749.416022
15.0,15,6752.888082
4.0,11,6754.830705
1.0,13,6757.517782
18.0,14,6763.364957
5.0,27,6770.180017
17.0,13,6772.95287
13.0,11,6774.810373
19.0,21,6777.849744
21.0,10,6779.378812
22.0,14,6781.469791
15.0,8,6783.22517
-3.0,18,6787.760016
25.0,13,6789.468771
6.0,11,6790.99607
12.0,15,6793.861396
9.0,14,6797.122064
-2.0,26,6801.152921
31.0,6,6801.575096
15.0,13,6804.744792
6.0,15,6806.796156
4.0,21,6810.984907
21.0,21,6815.661332
15.0,10,6817.769182
10.0,33,6824.2687
0.0,9,6825.350911
18.0,11,6826.680229
27.0,15,6828.670256
19.0,16,6831.071949
12.0,27,6836.365881
1.0,16,6841.786074
11.0,18,6845.655937
14.0,19,6848.39124
9.0,10,6849.547803
11.0,16,6852.239957
11.0,9,6853.890564
17.0,17,6856.91726
17.0,14,6859.811542
18.0,18,6866.759194
17.0,14,6870.282202
21.0,9,6873.178308
2.0,17,6876.273432
5.0,34,6881.573312
2.0,21,6884.533095
17.0,16,6886.675858
0.0,14,6889.655323
8.0,11,6891.140327
8.0,21,6893.830369
14.0,14,6895.379974
6.0,16,6901.624489
17.0,23,6904.807066
12.0,19,6909.715117
10.0,19,6912.277859
4.0,7,6913.270511
19.0,17,6915.389432
8.0,7,6916.293668
13.0,8,6917.416028
8.0,19,6920.594411
7.0,10,6921.66005
2.0,18,6931.196392
14.0,17,6935.04591
28.0,14,6936.835181
23.0,19,6942.543461
12.0,14,6945.966108
5.0,14,6949.317657
14.0,14,6952.981853
13.0,10,6954.190717
14.0,8,6955.507956
15.0,11,6957.058522
14.0,20,6960.058284
16.0,10,6961.395313
5.0,14,6963.860589
9.0,13,6965.206196
14.0,13,6969.041374
4.0,13,6970.527469
12.0,10,6971.884357
-1.0,16,6975.801908
0.0,13,6978.936389
14.0,18,6982.515486
5.0,7,6984.814775
8.0,26,6988.750434
14.0,30,6993.526065
10.0,19,6997.742678
9.0,14,7001.470331
17.0,18,7006.288405
7.0,24,7009.808963
12.0,8,7011.821419
18.0,10,7013.89462
0.0,9,7015.635851
12.0,27,7021.058619
6.0,17,7023.902785
10.0,18,7026.08008
9.0,12,7028.190772
3.0,18,7032.351169
24.0,10,7033.737099
5.0,14,7036.088248
7.0,9,7037.232514
9.0,18,7040.441654
16.0,11,7042.627753
4.0,8,7043.577285
4.0,15,7046.560793
15.0,13,7051.347162
21.0,12,7053.98047
17.0,12,7056.836369
9.0,10,7058.090271
10.0,14,7061.213562
12.0,10,7062.304699
9.0,15,7064.258979
15.0,12,7066.221561
2.0,25,7069.875359
9.0,18,7072.508545
11.0,9,7075.018512
15.0,12,7077.399317
10.0,21,7082.865273
2.0,19,7085.311552
15.0,17,7089.864941
20.0,9,7091.549744
14.0,17,7096.449187
8.0,23,7101.298974
5.0,8,7102.188712
8.0,12,7854.333025
8.0,23,7859.221713
6.0,16,7863.418787
12.0,21,7866.752438
8.0,9,7868.096906
4.0,13,7869.700689
-2.0,23,7875.287511
14.0,12,7877.993993
18.0,12,7880.672069
25.0,13,7883.021959
3.0,33,7892.389338
5.0,14,7894.571082
3.0,23,7897.811111
12.0,9,7898.91642
11.0,18,7902.042484
14.0,15,7905.267862
13.0,9,7908.21333
12.0,16,7911.293885
4.0,23,7914.47106
11.0,12,7916.734231
19.0,19,7919.43622
15.0,14,7921.528433
24.0,12,7925.109947
10.0,20,7928.929744
10.0,11,7930.647551
15.0,26,7933.832222
15.0,16,7937.616985
22.0,17,7940.151125
23.0,14,7942.969683
18.0,10,7944.16369
10.0,20,7948.757133
7.0,15,7956.462428
5.0,12,7959.130875
10.0,13,7961.481681
12.0,13,7963.373942
8.0,19,7966.613552
7.0,9,7968.657314
22.0,14,7970.903232
3.0,17,7973.453926
11.0,18,7981.249884
-2.0,7,7983.846381
10.0,12,7986.909752
3.0,13,7989.038393
13.0,14,7992.258645
16.0,25,7997.618886
5.0,23,8000.810465
6.0,14,8002.960647
0.0,18,8009.182034
5.0,26,8013.326859
22.0,14,8016.132623
8.0,22,8021.914312
11.0,13,8025.560137
3.0,29,8029.276569
19.0,16,8032.198879
12.0,10,8033.474702
17.0,17,8036.365194
7.0,13,8039.32675
16.0,16,8042.191903
8.0,21,8045.778974
2.0,11,8047.772361
21.0,12,8050.435732
12.0,12,8052.915331
15.0,21,8057.730388
17.0,14,8059.376223
3.0,19,8061.604285
5.0,13,8063.007794
25.0,16,8065.578632
17.0,9,8069.80485
22.0,18,8072.222082
15.0,11,8074.241487
15.0,16,8077.498953
7.0,16,8081.666527
13.0,14,8084.245031
10.0,17,8086.892532
1.0,9,8089.130837
8.0,16,8092.477805
13.0,12,8094.228484
8.0,9,8096.439094
16.0,27,8102.358038
2.0,12,8106.338877
5.0,12,8108.514349
5.0,17,8111.019024
6.0,16,8114.149078
15.0,13,8116.591436
17.0,18,8120.36334
12.0,24,8123.985869
14.0,10,8125.787835
15.0,12,8127.4527
12.0,12,8129.53179
3.0,28,8135.240989
18.0,16,8138.641339
5.0,17,8140.97633
9.0,12,8143.063107
15.0,14,8145.567118
10.0,11,8147.482709
18.0,10,8150.082544
22.0,19,8154.357234
8.0,10,8157.085433
-3.0,23,8162.81306
9.0,10,8163.988692
13.0,12,8167.932363
15.0,23,8173.152831
4.0,15,8175.108702
10.0,14,8181.464486
14.0,15,8183.829836
8.0,11,8186.751184
4.0,15,8189.159559
10.0,14,8192.155839
5.0,23,8195.480694
10.0,14,8198.506232
2.0,12,8200.188245
8.0,16,8202.650828
11.0,16,8207.686925
7.0,9,8209.083891
12.0,12,8211.365914
31.0,19,8215.712659
0.0,16,8219.936092
8.0,17,8223.231588
10.0,15,8229.636458
17.0,19,8233.448015
21.0,13,8235.120251
17.0,9,8239.91484
4.0,28,8246.781796
15.0,11,8249.668355
15.0,15,8253.454402
18.0,17,8255.903331
12.0,22,8260.683198
26.0,18,8266.706115
11.0,9,8270.148925
7.0,7,8271.777717
9.0,13,8273.65888
24.0,11,8275.003743
20.0,20,9032.194116
17.0,17,9034.627936
4.0,15,9043.188116
15.0,13,9048.009581
12.0,10,9050.468017
13.0,16,9055.003411
12.0,11,9056.613008
11.0,13,9059.32811
9.0,22,9063.024612
20.0,10,9064.782052
9.0,31,9073.568217
17.0,14,9077.778606
9.0,9,9079.445112
6.0,20,9082.347443
24.0,17,9087.013434
22.0,13,9089.745146
18.0,22,9093.148321
10.0,17,9097.616048
15.0,14,9099.317268
12.0,14,9103.692226
11.0,13,9107.614941
12.0,15,9110.631296
25.0,17,9114.259984
18.0,15,9117.695249
3.0,14,9121.354781
10.0,17,9127.687796
10.0,17,9132.932453
5.0,14,9136.610459
11.0,20,9139.518117
7.0,13,9141.590475
5.0,11,9144.922173
10.0,11,9148.518402
17.0,13,9151.865332
15.0,15,9155.107071
9.0,23,9161.159425
14.0,18,9166.689456
22.0,16,9172.166159
6.0,13,9175.747543
6.0,16,9178.754833
12.0,16,9182.260175
15.0,14,9185.051704
10.0,26,9190.994901
5.0,10,9192.821671
18.0,15,9195.001073
4.0,16,9197.823662
7.0,14,9201.33219
4.0,11,9204.089679
7.0,15,9207.046511
22.0,15,9214.184583
5.0,13,9219.259591
7.0,21,9226.243264
13.0,25,9231.457675
4.0,52,9244.27708
23.0,31,9251.778059
10.0,16,9255.638209
5.0,18,9259.280248
11.0,12,9261.67811
12.0,17,9264.928104
10.0,38,9273.192077
17.0,9,9275.828526
5.0,12,9279.472852
11.0,36,9293.788724
33.0,12,9295.715642
6.0,20,9302.880931
17.0,22,9311.002505
9.0,11,9313.903477
7.0,23,9318.931446
24.0,10,9320.953466
6.0,15,9323.212809
30.0,25,9331.865875
9.0,17,9334.60043
21.0,13,9336.75367
19.0,10,9338.919774
-2.0,19,9342.376918
8.0,11,9346.30089
14.0,24,9352.304483
12.0,20,9357.185293
16.0,14,9360.450717
22.0,19,9365.150169
7.0,35,9371.688609
25.0,9,9377.826881
0.0,25,9382.953317
19.0,12,9387.620671
8.0,16,9393.378234
17.0,11,9394.969586
5.0,35,9400.803997
10.0,27,9407.624833
19.0,11,9409.942912
14.0,8,9411.556855
8.0,44,9427.241773
17.0,16,9431.778271
13.0,10,9433.521192
10.0,12,9440.36336
20.0,23,9445.019418
22.0,12,9446.932237
22.0,21,9451.4318
22.0,15,9454.678779
12.0,10,9456.409572
27.0,22,9464.276377
18.0,37,9469.576416
17.0,14,9471.524281
9.0,17,9473.77791
8.0,15,9482.472547
2.0,12,9487.367126
18.0,18,9489.120989
11.0,16,9493.633993
14.0,28,9505.834096
2.0,14,9508.810968
7.0,18,9513.208433
9.0,15,9516.737228
11.0,16,9520.733294
7.0,38,9527.83567
7.0,20,9534.138927
11.0,10,9535.720932
10.0,24,9543.430151
1.0,23,10153.798
11.0,17,10156.640152
17.0,19,10163.207625
15.0,13,10168.544666
18.0,13,10173.29153
15.0,10,10176.324163
3.0,16,10182.39905
8.0,34,10191.937145
4.0,35,10201.80074
12.0,22,10205.64058
14.0,20,10213.87093
15.0,17,10220.89758
27.0,15,10224.941272
22.0,9,10227.73785
10.0,33,10237.462879
12.0,14,10241.611521
9.0,20,10247.626779
7.0,8,10248.696169
6.0,28,10255.312952
20.0,27,10261.672401
10.0,17,10264.707404
21.0,19,10268.746253
33.0,20,10273.891395
12.0,18,10283.255306
-2.0,14,10290.1901
14.0,17,10294.853842
12.0,6,10296.445668
8.0,20,10300.741942
17.0,13,10302.562412
7.0,17,10305.825922
7.0,12,10311.100959
25.0,13,10315.975845
12.0,34,10323.295089
16.0,11,10327.602421
6.0,14,10333.430217
7.0,11,10335.543281
13.0,19,10343.802958
12.0,14,10346.415832
17.0,14,10348.913023
15.0,18,10352.009454
9.0,12,10354.427186
9.0,14,10359.437762
22.0,13,10361.949039
19.0,15,10363.8988
4.0,11,10365.74646
28.0,14,10371.774329
8.0,12,10378.205332
14.0,14,10380.565378
15.0,12,10383.477389
11.0,17,10390.354764
9.0,18,10393.616031
20.0,20,10399.607244
18.0,17,10402.464367
16.0,15,10404.873664
11.0,14,10406.941592
21.0,11,10409.977027
32.0,16,10414.88306
10.0,13,10417.273237
25.0,15,10421.303746
20.0,25,10426.752819
10.0,19,10431.219252
31.0,11,10432.870933
13.0,16,10437.975073
10.0,24,10446.298789
17.0,19,10453.97378
39.0,15,10461.15779
17.0,21,10469.980653
12.0,26,10483.897385
5.0,10,10486.604208
18.0,13,10491.707248
11.0,15,10497.81491
18.0,14,10500.609134
5.0,15,10505.880497
1.0,30,10516.258065
12.0,14,10519.084742
20.0,17,10523.580518
5.0,17,10527.249035
14.0,14,10530.904954
22.0,17,10536.923328
11.0,40,10551.692796
8.0,14,10554.434576
16.0,16,10559.615643
6.0,12,10563.587659
-2.0,7,10565.661427
8.0,15,10571.779137
21.0,25,10580.338977
22.0,18,10587.700523
12.0,9,10589.502408
2.0,22,10592.957897
7.0,11,10596.533208
17.0,11,10598.307211
12.0,14,10602.392252
24.0,19,10605.566326
24.0,20,10611.888353
22.0,21,10615.799074
19.0,13,10617.565927
14.0,22,10620.89503
8.0,18,10623.272793
22.0,13,10626.610394
17.0,13,10630.624901
29.0,17,10635.740202
10.0,16,10642.271676
2.0,13,10646.7448
29.0,23,10651.732994
12.0,14,10656.070324
16.0,15,10658.28458
13.0,23,10663.976174
10.0,14,10666.203619
10.0,16,10669.624428
8.0,21,10674.868416
8.0,9,10677.590374
23.0,16,10682.777689
4.0,7,10686.003312
14.0,19,10692.97994
7.0,13,10697.877
31.0,20,10700.442996
10.0,9,10704.20804
9.0,11,10707.518311
7.0,12,10710.958748
12.0,14,10715.517386
31.0,16,10717.888484
16.0,15,10722.280724
10.0,21,10727.743168
3.0,16,10730.794382
27.0,18,11321.996304
12.0,17,11329.260552
4.0,12,11332.991497
12.0,13,11335.888128
8.0,15,11341.295344
17.0,15,11343.439394
7.0,30,11355.917955
24.0,12,11359.288894
14.0,10,11364.579499
1.0,16,11369.508156
27.0,14,11373.542265
6.0,15,11377.144956
9.0,21,11383.402887
14.0,27,11390.289517
8.0,12,11392.426037
8.0,16,11397.237626
0.0,11,11403.25689
22.0,14,11407.92669
37.0,7,11410.662982
20.0,22,11416.268647
27.0,21,11420.540298
5.0,12,11422.772434
7.0,20,11428.440171
16.0,19,11437.13656
12.0,20,11442.872411
32.0,8,11444.608765
26.0,26,11450.084008
18.0,25,11454.95186
2.0,15,11459.880347
5.0,11,11463.306523
12.0,16,11467.331116
12.0,18,11471.625031
9.0,12,11477.23184
12.0,25,11483.393422
2.0,30,11490.022267
9.0,20,11499.306101
17.0,10,11502.083006
17.0,15,11505.989812
17.0,16,11509.210907
13.0,25,11516.884763
5.0,9,11519.02901
17.0,16,11523.239532
10.0,15,11527.481924
22.0,17,11532.71031
15.0,16,11539.492488
23.0,17,11549.765801
14.0,11,11556.693947
9.0,18,11561.929985
10.0,13,11565.111236
15.0,17,11569.437728
21.0,13,11572.338487
5.0,14,11574.586733
9.0,13,11578.023008
27.0,17,11581.663015
16.0,11,11585.135552
20.0,14,11590.847055
14.0,28,11601.084841
14.0,19,11605.622858
3.0,19,11609.630508
22.0,11,11613.001604
13.0,14,11619.495706
10.0,12,11624.770601
22.0,14,11630.374294
16.0,16,11635.751258
9.0,26,11645.025265
5.0,18,11650.701478
7.0,31,11658.663846
17.0,12,11661.223365
17.0,15,11667.268434
15.0,13,11670.195378
30.0,13,11672.321753
10.0,15,11674.973455
22.0,13,11677.281108
14.0,15,11680.766916
12.0,11,11686.004377
4.0,16,11690.496908
12.0,18,11697.817537
12.0,13,11701.412123
15.0,17,11706.742837
17.0,26,11718.965479
16.0,23,11726.321771
5.0,13,11731.418575
12.0,15,11735.434401
29.0,14,11738.214175
7.0,16,11743.430201
17.0,15,11748.108598
14.0,13,11753.285529
2.0,34,11763.198438
15.0,19,11768.920294
16.0,15,11772.822428
29.0,14,11775.566175
8.0,20,11780.968491
27.0,19,11791.382274
13.0,21,11797.289239
15.0,25,11806.833337
24.0,13,11811.658059
31.0,11,11814.431373
10.0,12,11818.053229
15.0,19,11821.859094
12.0,21,11826.111998
10.0,15,11829.043339
4.0,16,11835.472011
16.0,10,11837.996594
26.0,10,11839.3921
16.0,34,11846.906647
22.0,11,11850.53433
18.0,19,11857.114857
13.0,12,11861.344587
6.0,12,11863.911399
20.0,12,11867.750021
0.0,15,11870.467047
15.0,29,11879.433738
7.0,14,11882.291175
18.0,16,11886.300314
22.0,35,11894.111995
18.0,16,11896.830181
17.0,20,11902.168318
5.0,10,11905.912121
10.0,27,11911.873499
7.0,10,11913.71226
27.0,14,11919.473835
10.0,14,11921.777662
22.0,24,12520.527403
15.0,17,12525.414622
10.0,20,12531.751753
9.0,18,12539.556573
22.0,12,12543.087404
25.0,25,12550.401035
24.0,21,12554.494619
10.0,19,12559.038688
19.0,15,12564.785784
5.0,18,12569.424983
13.0,29,12578.029256
20.0,15,12585.987572
14.0,15,12588.239062
9.0,14,12592.349417
9.0,32,12605.504364
17.0,30,12612.060345
5.0,25,12621.041004
9.0,20,12625.690192
17.0,22,12635.461504
22.0,15,12637.826627
10.0,34,12654.065547
16.0,48,12676.846043
13.0,16,12681.030169
20.0,24,12689.348635
12.0,12,12692.24316
22.0,10,12693.648945
7.0,30,12704.283766
14.0,12,12707.114966
13.0,32,12715.968454
10.0,32,12726.239974
23.0,18,12732.642436
16.0,11,12736.767956
19.0,13,12740.238026
15.0,12,12742.720232
2.0,50,12761.089195
15.0,18,12765.730076
4.0,19,12771.1762
7.0,23,12776.613629
15.0,17,12782.298664
27.0,19,12787.444368
15.0,17,12791.099833
19.0,19,12794.841306
5.0,17,12799.850249
22.0,17,12807.98227
9.0,16,12811.597206
25.0,14,12813.737554
32.0,18,12820.046714
14.0,19,12826.55847
15.0,15,12831.321034
34.0,13,12834.958231
16.0,18,12842.501083
9.0,19,12846.53398
36.0,17,12855.923873
26.0,13,12858.593588
25.0,23,12866.759561
17.0,60,12884.903709
3.0,19,12892.263976
20.0,23,12898.731134
14.0,56,12912.202181
16.0,9,12916.077466
13.0,18,12919.677479
21.0,22,12926.309271
13.0,17,12930.620671
11.0,25,12940.680482
5.0,20,12946.579092
12.0,17,12951.273219
32.0,16,12957.898396
15.0,18,12965.972222
12.0,16,12971.77103
5.0,23,12981.32629
13.0,12,12991.652999
24.0,15,12995.648433
13.0,21,13004.120363
15.0,16,13013.500965
20.0,26,13023.070516
19.0,15,13029.423947
18.0,20,13035.300671
13.0,25,13042.234281
12.0,16,13048.377352
13.0,20,13054.637218
10.0,19,13061.186987
24.0,17,13067.199598
10.0,43,13081.417357
10.0,21,13086.150304
15.0,13,13091.272244
17.0,10,13093.519931
14.0,10,13095.160735
16.0,25,13103.649568
17.0,17,13108.815667
43.0,9,13110.761143
16.0,18,13116.916214
17.0,21,13123.683501
10.0,13,13127.534358
18.0,21,13131.751312
17.0,21,13137.537131
10.0,28,13148.382351
13.0,17,13152.799494
5.0,29,13159.672177
14.0,21,13165.311511
4.0,21,13172.038207
12.0,50,13941.641526
8.0,13,13945.37257
27.0,11,13947.827093
12.0,14,13951.74028
24.0,15,13955.496544
15.0,23,13960.929003
13.0,23,13968.928167
17.0,22,13976.578565
43.0,13,13979.97889
8.0,25,13985.643118
10.0,14,13990.736629
16.0,21,14001.664273
18.0,11,14003.484298
17.0,14,14008.054434
9.0,45,14027.039851
17.0,20,14035.257425
10.0,60,14052.601244
23.0,17,14059.342589
5.0,16,14066.178308
15.0,17,14070.049276
10.0,24,14078.743039
20.0,21,14084.296881
13.0,24,14090.19407
19.0,17,14093.022144
5.0,38,14107.838761
5.0,28,14115.55988
29.0,17,14120.333754
17.0,13,14123.410818
27.0,24,14128.478019
13.0,17,14132.329685
3.0,18,14135.731266
-1.0,91,14165.72836
10.0,18,14172.090804
19.0,11,14175.388356
12.0,9,14177.892396
12.0,17,14184.0468
21.0,13,14187.949871
18.0,27,14193.884531
9.0,11,14197.41736
18.0,22,14203.709944
0.0,23,14212.196213
14.0,15,14219.511594
4.0,32,14234.548511
11.0,19,14237.751216
7.0,25,14245.114445
18.0,18,14248.972219
13.0,24,14255.56233
22.0,11,14258.272144
12.0,32,14273.852985
22.0,26,14283.44666
31.0,14,14289.044524
21.0,19,14293.00835
3.0,12,14296.433611
13.0,21,14306.275087
10.0,41,14319.475224
8.0,17,14325.730078
17.0,16,14329.450454
24.0,26,14336.09769
18.0,16,14340.936085
19.0,10,14344.458296
10.0,12,14347.347077
12.0,19,14352.84828
18.0,13,14356.783609
29.0,21,14364.378575
9.0,15,14371.74484
26.0,15,14374.448565
8.0,21,14381.741225
20.0,19,14389.788681
10.0,19,14394.191619
10.0,15,14399.471191
13.0,14,14403.590523
27.0,13,14411.554123
21.0,16,14417.041685
9.0,14,14420.205706
19.0,27,14428.303289
17.0,10,14431.256834
13.0,21,14439.329057
21.0,13,14442.23341
18.0,17,14446.973208
9.0,18,14453.518607
7.0,10,14458.703941
14.0,26,14463.619053
17.0,23,14471.91976
7.0,13,14477.191726
5.0,18,14484.288381
15.0,23,14495.455582
23.0,12,14499.24007
17.0,26,14509.053037
17.0,31,14517.489007
12.0,15,14521.547235
7.0,44,14539.851209
24.0,17,14544.892293
20.0,20,14550.67997
10.0,11,14554.401567
17.0,16,14558.704637
23.0,13,14562.963669
5.0,16,14565.873668
11.0,11,14568.351408
12.0,12,14573.972391
25.0,18,14579.677455
14.0,15,14586.626409
12.0,35,15345.402516
24.0,10,15349.224798
5.0,27,15357.78625
25.0,15,15364.930802
22.0,16,15368.999363
15.0,19,15373.741009
5.0,16,15378.305503
8.0,13,15383.853751
5.0,25,15397.258034
19.0,19,15403.685744
19.0,42,15417.907687
13.0,19,15424.892036
13.0,10,15429.364014
12.0,15,15434.341891
8.0,20,15442.404484
21.0,26,15452.946442
17.0,19,15462.683858
29.0,15,15466.108387
20.0,11,15471.283275
24.0,21,15477.175817
22.0,18,15482.745346
18.0,17,15487.712403
5.0,48,15506.578933
22.0,18,15514.531393
24.0,11,15517.847838
17.0,22,15525.410924
17.0,19,15538.860393
23.0,17,15543.089686
12.0,22,15548.092611
14.0,12,15552.719197
13.0,15,15555.723426
28.0,23,15560.592454
19.0,11,15565.053439
18.0,26,15571.471938
21.0,22,15579.402325
14.0,16,15585.649132
12.0,18,15590.026947
9.0,29,15598.711628
15.0,17,15605.874919
13.0,18,15611.766423
33.0,17,15619.942461
10.0,23,15624.559666
8.0,16,15629.439195
13.0,25,15635.122901
25.0,15,15639.332566
14.0,34,15649.907415
10.0,20,15659.753414
13.0,24,15668.09681
14.0,28,15683.203541
6.0,53,15695.691479
19.0,25,15705.744736
16.0,15,15711.213243
23.0,5,15713.283903
4.0,13,15716.540954
31.0,22,15725.039911
22.0,14,15732.122276
12.0,31,15740.008424
17.0,16,15750.306341
25.0,51,15764.32793
20.0,23,15770.41686
27.0,15,15775.356509
37.0,12,15779.207108
7.0,16,15784.861449
20.0,18,15791.433215
8.0,15,15796.704158
8.0,15,15799.500806
15.0,16,15806.101391
17.0,26,15810.604565
16.0,15,15815.039143
17.0,29,15825.691412
15.0,13,15830.42312
21.0,20,15835.511752
10.0,14,15841.608961
22.0,16,15846.932872
2.0,19,15856.959307
33.0,27,15867.54155
26.0,17,15874.981252
20.0,17,15882.660731
24.0,16,15887.438362
15.0,13,15892.415685
10.0,28,15898.64321
41.0,11,15902.143091
35.0,16,15907.633723
33.0,12,15912.69689
18.0,26,15920.561619
9.0,15,15928.547071
36.0,18,15935.908986
15.0,14,15940.986601
15.0,13,15944.379807
12.0,12,15945.99998
32.0,10,15950.792619
11.0,21,15955.146241
5.0,19,15960.934903
20.0,15,15965.338688
22.0,17,15969.578927
32.0,19,15976.217689
18.0,16,15981.520399
20.0,23,15994.763319
15.0,18,16000.495102
9.0,12,16005.103799
10.0,20,16013.37683
20.0,11,16017.153472
24.0,30,16026.777848
7.0,15,16031.665197
2.0,27,16040.659284
11.0,13,16044.142479
29.0,16,16804.275344
11.0,27,16814.162498
10.0,25,16821.30307
7.0,29,16829.537565
5.0,32,16838.572425
15.0,28,16848.778476
20.0,32,16859.804468
5.0,37,16878.246665
7.0,19,16881.297532
9.0,25,16886.767488
17.0,53,16904.173988
11.0,14,16906.65667
14.0,32,16916.497404
14.0,40,16926.188545
18.0,16,16933.936393
14.0,10,16936.457994
5.0,27,16944.101485
5.0,30,16952.168197
16.0,25,16966.269798
25.0,22,16972.481425
7.0,26,16980.502239
14.0,31,16990.97353
12.0,22,16997.930567
27.0,5,17000.163047
12.0,17,17006.421349
13.0,20,17012.130691
16.0,21,17018.319894
32.0,28,17030.885353
24.0,14,17034.916729
7.0,21,17046.468711
10.0,33,17054.64563
2.0,21,17061.881445
15.0,18,17068.168369
37.0,22,17080.992228
6.0,45,17094.168949
43.0,13,17098.810144
16.0,18,17103.187186
24.0,14,17106.139278
22.0,23,17111.631176
13.0,25,17120.130088
6.0,30,17127.810084
11.0,15,17132.924232
12.0,31,17145.695631
16.0,13,17149.315438
2.0,35,17163.041063
3.0,11,17164.969532
0.0,24,17171.44961
23.0,17,17176.264963
7.0,19,17182.782184
20.0,42,17201.867708
20.0,12,17204.09401
5.0,18,17208.598548
23.0,14,17214.606044
18.0,20,17225.039493
10.0,24,17232.795726
15.0,18,17236.71292
21.0,18,17246.683384
8.0,31,17255.911237
19.0,14,17259.200962
13.0,14,17263.239349
5.0,29,17269.44195
17.0,23,17278.196953
18.0,22,17284.94249
10.0,30,17297.354079
30.0,18,17302.89523
8.0,13,17306.613518
16.0,14,17312.165462
9.0,21,17320.446233
19.0,20,17327.110702
25.0,32,17336.61447
10.0,25,17343.457972
18.0,14,17349.007417
2.0,23,17357.355383
8.0,17,17362.605148
16.0,14,17366.87086
18.0,18,17375.515324
9.0,27,17384.512533
12.0,20,17392.04284
0.0,14,17398.604959
10.0,29,17409.120328
6.0,22,17414.29083
15.0,15,17417.748172
11.0,16,17421.002243
19.0,16,17424.146551
23.0,12,17426.072661
17.0,18,17431.502974
3.0,15,17438.099591
9.0,11,17440.257818
5.0,23,17446.221067
5.0,15,17452.542835
18.0,29,17458.078495
6.0,28,17468.980586
